  0   0   0   0   0 201 255 255 255 255 255 255 255 255 255   0
  0   0   0   0   0 201 255 255 255 255 255 255 255 255 255   0
  0   0   0   0   0 201 255 255 255 255 255 255 255 255 255   0
  0   0   0   0   0 201 255 255 255 255 255 255 255 255 255   0
  0   0   0   0   0 201 255 255 255 255 255 255 255 255 255   0
  0   0   0   0   0  42  53  53  53  53  53  53  53  53  53   0
  0   0   0   0   0   0   0   0   0   0   0   0   0   0   0   0
  0   0   0   0   0   0   0   0   0   0   0   0   0   0   0   0
  0   0   0   0   0   0   0   0   0   0   0   0   0   0   0   0
  0   0   0   0   0   0   0   0   0   0   0   0   0   0   0   0
  0   0   0   0   0 137 175 175 175 175 175 175 175 175 175   0
  0   0   0   0   0 201 255 255 255 255 255 255 255 255 255   0
  0   0   0   0   0 201 255 255 255 255 255 255 255 255 255   0
  0   0   0   0   0 201 255 255 255 255 255 255 255 255 255   0
  0   0   0   0   0 201 255 255 255 255 255 255 255 255 255   0
  0   0   0   0   0   0   0   0   0   0   0   0   0   0   0   0
  0   0   0   0   0 201 255 255 255 255 255 255 255 255 255   0
  0   0   0   0   0 201 255 255 255 255 255 255 255 255 255   0
  0   0   0   0   0 201 255 255 255 255 255 255 255 255 255   0
  0   0   0   0   0 201 255 255 255 255 255 255 255 255 255   0
  0   0   0   0   0 201 255 255 255 255 255 255 255 255 255   0
  0   0   0   0   0  42  53  53  53  53  53  53  53  53  53   0
  0   0   0   0   0   0   0   0   0   0   0   0   0   0   0   0
  0   0   0   0   0   0   0   0   0   0   0   0   0   0   0   0
  0   0   0   0   0   0   0   0   0   0   0   0   0   0   0   0
  0   0   0   0   0   0   0   0   0   0   0   0   0   0   0   0
  0   0   0   0   0 137 175 175 175 175 175 175 175 175 175   0
  0   0   0   0   0 201 255 255 255 255 255 255 255 255 255   0
  0   0   0   0   0 201 255 255 255 255 255 255 255 255 255   0
  0   0   0   0   0 201 255 255 255 255 255 255 255 255 255   0
  0   0   0   0   0 201 255 255 255 255 255 255 255 255 255   0
  0   0   0   0   0   0   0   0   0   0   0   0   0   0   0   0
  0   0   0   0   0 201 255 255 255 255 255 255 255 255 255   0
  0   0   0   0   0 201 255 255 255 255 255 255 255 255 255   0
  0   0   0   0   0 201 255 255 255 255 255 255 255 255 255   0
  0   0   0   0   0 201 255 255 255 255 255 255 255 255 255   0
  0   0   0   0   0 201 255 255 255 255 255 255 255 255 255   0
  0   0   0   0   0  42  53  53  53  53  53  53  53  53  53   0
  0   0   0   0   0   0   0   0   0   0   0   0   0   0   0   0
  0   0   0   0   0   0   0   0   0   0   0   0   0   0   0   0
  0   0   0   0   0   0   0   0   0   0   0   0   0   0   0   0
  0   0   0   0   0   0   0   0   0   0   0   0   0   0   0   0
  0   0   0   0   0 137 175 175 175 175 175 175 175 175 175   0
  0   0   0   0   0 201 255 255 255 255 255 255 255 255 255   0
  0   0   0   0   0 201 255 255 255 255 255 255 255 255 255   0
  0   0   0   0   0 201 255 255 255 255 255 255 255 255 255   0
  0   0   0   0   0 201 255 255 255 255 255 255 255 255 255   0
  0   0   0   0   0   0   0   0   0   0   0   0   0   0   0   0

128 127 127 127 127 126 128 128 128 128 218 255 255 255 255 255
255 255 255 255 255  50   0   0   0   0 180 255 255 255 255 255
255 255 255 255 255  50   0   0   0   0 180 255 255 255 255 255
255 255 255 255 255  50   0   0   0   0 180 255 255 255 255 255
255 255 255 255 255  50   0   0   0   0 180 255 255 255 255 255
255 255 255 255 255  50   0   0   0   0 180 255 255 255 255 255
255 255 255 255 255  50   0   0   0   0 180 255 255 255 255 255
255 255 255 255 255  50   0   0   0   0 180 255 255 255 255 255
255 255 255 255 255  50   0   0   0   0 180 255 255 255 255 255
255 255 255 255 255  50   0   0   0   0 180 255 255 255 255 255
204 204 204 204 204  40   0   0   0   0 144 204 204 204 204 203
  0   0   0   0   0   0   0   0   0   0   0   0   0   0   0   0
  0   0   0   0   0   0   0   0   0   0   0   0   0   0   0   0
  0   0   0   0   0   0   0   0   0   0   0   0   0   0   0   0
  0   0   0   0   0   0   0   0   0   0   0   0   0   0   0   0
  0   0   0   0   0   0   0   0   0   0   0   0   0   0   0   0
128 127 127 127 127 126 128 128 128 128 218 255 255 255 255 255
255 255 255 255 255  50   0   0   0   0 180 255 255 255 255 255
255 255 255 255 255  50   0   0   0   0 180 255 255 255 255 255
255 255 255 255 255  50   0   0   0   0 180 255 255 255 255 255
255 255 255 255 255  50   0   0   0   0 180 255 255 255 255 255
255 255 255 255 255  50   0   0   0   0 180 255 255 255 255 255
255 255 255 255 255  50   0   0   0   0 180 255 255 255 255 255
255 255 255 255 255  50   0   0   0   0 180 255 255 255 255 255
255 255 255 255 255  50   0   0   0   0 180 255 255 255 255 255
255 255 255 255 255  50   0   0   0   0 180 255 255 255 255 255
204 204 204 204 204  40   0   0   0   0 144 204 204 204 204 203
  0   0   0   0   0   0   0   0   0   0   0   0   0   0   0   0
  0   0   0   0   0   0   0   0   0   0   0   0   0   0   0   0
  0   0   0   0   0   0   0   0   0   0   0   0   0   0   0   0
  0   0   0   0   0   0   0   0   0   0   0   0   0   0   0   0
  0   0   0   0   0   0   0   0   0   0   0   0   0   0   0   0
128 127 127 127 127 126 128 128 128 128 218 255 255 255 255 255
255 255 255 255 255  50   0   0   0   0 180 255 255 255 255 255
255 255 255 255 255  50   0   0   0   0 180 255 255 255 255 255
255 255 255 255 255  50   0   0   0   0 180 255 255 255 255 255
255 255 255 255 255  50   0   0   0   0 180 255 255 255 255 255
255 255 255 255 255  50   0   0   0   0 180 255 255 255 255 255
255 255 255 255 255  50   0   0   0   0 180 255 255 255 255 255
255 255 255 255 255  50   0   0   0   0 180 255 255 255 255 255
255 255 255 255 255  50   0   0   0   0 180 255 255 255 255 255
255 255 255 255 255  50   0   0   0   0 180 255 255 255 255 255
204 204 204 204 204  40   0   0   0   0 144 204 204 204 204 203
  0   0   0   0   0   0   0   0   0   0   0   0   0   0   0   0
  0   0   0   0   0   0   0   0   0   0   0   0   0   0   0   0
  0   0   0   0   0   0   0   0   0   0   0   0   0   0   0   0
  0   0   0   0   0   0   0   0   0   0   0   0   0   0   0   0
  0   0   0   0   0   0   0   0   0   0   0   0   0   0   0   0

153 184 184 184 184 184 185 185 185 185 212 141 141 141 141  60
255 255 255 255 255 255 255 255 255 255 204   0   0   0   0   0
255 255 255 255 255 255 255 255 255 255 204   0   0   0   0   0
255 255 255 255 255 255 255 255 255 255 204   0   0   0   0   0
255 255 255 255 255 255 255 255 255 255 204   0   0   0   0   0
221 180 180 180 180 180 180 180 180 180 144   0   0   0   0   0
141   0   0   0   0   0   0   0   0   0   0   0   0   0   0   0
141   0   0   0   0   0   0   0   0   0   0   0   0   0   0   0
141   0   0   0   0   0   0   0   0   0   0   0   0   0   0   0
141   0   0   0   0   0   0   0   0   0   0   0   0   0   0   0
135  50  50  50  50  50  50  50  50  50  40   0   0   0   0   0
114 255 255 255 255 255 255 255 255 255 204   0   0   0   0   0
114 255 255 255 255 255 255 255 255 255 204   0   0   0   0   0
114 255 255 255 255 255 255 255 255 255 204   0   0   0   0   0
114 255 255 255 255 255 255 255 255 255 204   0   0   0   0   0
114 255 255 255 255 255 255 255 255 255 204   0   0   0   0   0
153 184 184 184 184 184 185 185 185 185 212 141 141 141 141  60
255 255 255 255 255 255 255 255 255 255 204   0   0   0   0   0
255 255 255 255 255 255 255 255 255 255 204   0   0   0   0   0
255 255 255 255 255 255 255 255 255 255 204   0   0   0   0   0
255 255 255 255 255 255 255 255 255 255 204   0   0   0   0   0
221 180 180 180 180 180 180 180 180 180 144   0   0   0   0   0
141   0   0   0   0   0   0   0   0   0   0   0   0   0   0   0
141   0   0   0   0   0   0   0   0   0   0   0   0   0   0   0
141   0   0   0   0   0   0   0   0   0   0   0   0   0   0   0
141   0   0   0   0   0   0   0   0   0   0   0   0   0   0   0
135  50  50  50  50  50  50  50  50  50  40   0   0   0   0   0
114 255 255 255 255 255 255 255 255 255 204   0   0   0   0   0
114 255 255 255 255 255 255 255 255 255 204   0   0   0   0   0
114 255 255 255 255 255 255 255 255 255 204   0   0   0   0   0
114 255 255 255 255 255 255 255 255 255 204   0   0   0   0   0
114 255 255 255 255 255 255 255 255 255 204   0   0   0   0   0
153 184 184 184 184 184 185 185 185 185 212 141 141 141 141  60
255 255 255 255 255 255 255 255 255 255 204   0   0   0   0   0
255 255 255 255 255 255 255 255 255 255 204   0   0   0   0   0
255 255 255 255 255 255 255 255 255 255 204   0   0   0   0   0
255 255 255 255 255 255 255 255 255 255 204   0   0   0   0   0
221 180 180 180 180 180 180 180 180 180 144   0   0   0   0   0
141   0   0   0   0   0   0   0   0   0   0   0   0   0   0   0
141   0   0   0   0   0   0   0   0   0   0   0   0   0   0   0
141   0   0   0   0   0   0   0   0   0   0   0   0   0   0   0
141   0   0   0   0   0   0   0   0   0   0   0   0   0   0   0
135  50  50  50  50  50  50  50  50  50  40   0   0   0   0   0
114 255 255 255 255 255 255 255 255 255 204   0   0   0   0   0
114 255 255 255 255 255 255 255 255 255 204   0   0   0   0   0
114 255 255 255 255 255 255 255 255 255 204   0   0   0   0   0
114 255 255 255 255 255 255 255 255 255 204   0   0   0   0   0
114 255 255 255 255 255 255 255 255 255 204   0   0   0   0   0

  0   0   0   0   0   0   0   0   0   0   0   0   0   0   0   0
  0   0   0   0   0   0   0   0   0   0   0   0   0   0   0   0
  0   0   0   0   0   0   0   0   0   0   0   0   0   0   0   0
  0   0   0   0   0   0   0   0   0   0   0   0   0   0   0   0
  0   0   0   0   0   0   0   0   0   0   0   0   0   0   0   0
  0 204 204 204 204 144   0   0   0   0  40 204 204 204 204 204
  0 255 255 255 255 180   0   0   0   0  50 255 255 255 255 255
  0 255 255 255 255 180   0   0   0   0  50 255 255 255 255 255
  0 255 255 255 255 180   0   0   0   0  50 255 255 255 255 255
  0 255 255 255 255 180   0   0   0   0  50 255 255 255 255 255
  0 255 255 255 255 180   0   0   0   0  50 255 255 255 255 255
  0 255 255 255 255 180   0   0   0   0  50 255 255 255 255 255
  0 255 255 255 255 180   0   0   0   0  50 255 255 255 255 255
  0 255 255 255 255 180   0   0   0   0  50 255 255 255 255 255
  0 255 255 255 255 180   0   0   0   0  50 255 255 255 255 255
  0   0   0   0   0   0   0   0   0   0   0   0   0   0   0   0
  0   0   0   0   0   0   0   0   0   0   0   0   0   0   0   0
  0   0   0   0   0   0   0   0   0   0   0   0   0   0   0   0
  0   0   0   0   0   0   0   0   0   0   0   0   0   0   0   0
  0   0   0   0   0   0   0   0   0   0   0   0   0   0   0   0
  0   0   0   0   0   0   0   0   0   0   0   0   0   0   0   0
  0 204 204 204 204 144   0   0   0   0  40 204 204 204 204 204
  0 255 255 255 255 180   0   0   0   0  50 255 255 255 255 255
  0 255 255 255 255 180   0   0   0   0  50 255 255 255 255 255
  0 255 255 255 255 180   0   0   0   0  50 255 255 255 255 255
  0 255 255 255 255 180   0   0   0   0  50 255 255 255 255 255
  0 255 255 255 255 180   0   0   0   0  50 255 255 255 255 255
  0 255 255 255 255 180   0   0   0   0  50 255 255 255 255 255
  0 255 255 255 255 180   0   0   0   0  50 255 255 255 255 255
  0 255 255 255 255 180   0   0   0   0  50 255 255 255 255 255
  0 255 255 255 255 180   0   0   0   0  50 255 255 255 255 255
  0   0   0   0   0   0   0   0   0   0   0   0   0   0   0   0
  0   0   0   0   0   0   0   0   0   0   0   0   0   0   0   0
  0   0   0   0   0   0   0   0   0   0   0   0   0   0   0   0
  0   0   0   0   0   0   0   0   0   0   0   0   0   0   0   0
  0   0   0   0   0   0   0   0   0   0   0   0   0   0   0   0
  0   0   0   0   0   0   0   0   0   0   0   0   0   0   0   0
  0 204 204 204 204 144   0   0   0   0  40 204 204 204 204 204
  0 255 255 255 255 180   0   0   0   0  50 255 255 255 255 255
  0 255 255 255 255 180   0   0   0   0  50 255 255 255 255 255
  0 255 255 255 255 180   0   0   0   0  50 255 255 255 255 255
  0 255 255 255 255 180   0   0   0   0  50 255 255 255 255 255
  0 255 255 255 255 180   0   0   0   0  50 255 255 255 255 255
  0 255 255 255 255 180   0   0   0   0  50 255 255 255 255 255
  0 255 255 255 255 180   0   0   0   0  50 255 255 255 255 255
  0 255 255 255 255 180   0   0   0   0  50 255 255 255 255 255
  0 255 255 255 255 180   0   0   0   0  50 255 255 255 255 255
  0   0   0   0   0   0   0   0   0   0   0   0   0   0   0   0
