  0   0   0   0   0   0   0   0   0   0 175 255 255 255 255   0
  0   0   0   0   0   0   0   0   0   0 175 255 255 255 255   0
  0   0   0   0   0   0   0   0   0   0 175 255 255 255 255   0
  0   0   0   0   0   0   0   0   0   0 175 255 255 255 255   0
  0   0   0   0   0   0   0   0   0   0 175 255 255 255 255   0
201 201 201 201 201 201 201 201 201 201 238 255 255 255 255   0
255 255 255 255 255 255 255 255 255 255 255 255 255 255 255   0
255 255 255 255 255 255 255 255 255 255 255 255 255 255 255   0
255 255 255 255 255 255 255 255 255 255 255 255 255 255 255   0
255 255 255 255 255 255 255 255 255 255 255 255 255 255 255   0
 79  79  79  79  79 217 255 255 255 255 255 255 255 255 255   0
  0   0   0   0   0 201 255 255 255 255 255 255 255 255 255   0
  0   0   0   0   0 201 255 255 255 255 255 255 255 255 255   0
  0   0   0   0   0 201 255 255 255 255 255 255 255 255 255   0
  0   0   0   0   0 201 255 255 255 255 255 255 255 255 255   0
  0   0   0   0   0   0   0   0   0   0   0   0   0   0   0   0
  0   0   0   0   0   0   0   0   0   0 175 255 255 255 255   0
  0   0   0   0   0   0   0   0   0   0 175 255 255 255 255   0
  0   0   0   0   0   0   0   0   0   0 175 255 255 255 255   0
  0   0   0   0   0   0   0   0   0   0 175 255 255 255 255   0
  0   0   0   0   0   0   0   0   0   0 175 255 255 255 255   0
201 201 201 201 201 201 201 201 201 201 238 255 255 255 255   0
255 255 255 255 255 255 255 255 255 255 255 255 255 255 255   0
255 255 255 255 255 255 255 255 255 255 255 255 255 255 255   0
255 255 255 255 255 255 255 255 255 255 255 255 255 255 255   0
255 255 255 255 255 255 255 255 255 255 255 255 255 255 255   0
 79  79  79  79  79 217 255 255 255 255 255 255 255 255 255   0
  0   0   0   0   0 201 255 255 255 255 255 255 255 255 255   0
  0   0   0   0   0 201 255 255 255 255 255 255 255 255 255   0
  0   0   0   0   0 201 255 255 255 255 255 255 255 255 255   0
  0   0   0   0   0 201 255 255 255 255 255 255 255 255 255   0
  0   0   0   0   0   0   0   0   0   0   0   0   0   0   0   0
  0   0   0   0   0   0   0   0   0   0 175 255 255 255 255   0
  0   0   0   0   0   0   0   0   0   0 175 255 255 255 255   0
  0   0   0   0   0   0   0   0   0   0 175 255 255 255 255   0
  0   0   0   0   0   0   0   0   0   0 175 255 255 255 255   0
  0   0   0   0   0   0   0   0   0   0 175 255 255 255 255   0
201 201 201 201 201 201 201 201 201 201 238 255 255 255 255   0
255 255 255 255 255 255 255 255 255 255 255 255 255 255 255   0
255 255 255 255 255 255 255 255 255 255 255 255 255 255 255   0
255 255 255 255 255 255 255 255 255 255 255 255 255 255 255   0
255 255 255 255 255 255 255 255 255 255 255 255 255 255 255   0
 79  79  79  79  79 217 255 255 255 255 255 255 255 255 255   0
  0   0   0   0   0 201 255 255 255 255 255 255 255 255 255   0
  0   0   0   0   0 201 255 255 255 255 255 255 255 255 255   0
  0   0   0   0   0 201 255 255 255 255 255 255 255 255 255   0
  0   0   0   0   0 201 255 255 255 255 255 255 255 255 255   0
  0   0   0   0   0   0   0   0   0   0   0   0   0   0   0   0

128 127 127 127 127 127 127 127 127 127 215 255 255 255 255 255
255 255 255 255 255 255 255 255 255 255 255 255 255 255 255 255
255 255 255 255 255 255 255 255 255 255 255 255 255 255 255 255
255 255 255 255 255 255 255 255 255 255 255 255 255 255 255 255
255 255 255 255 255 255 255 255 255 255 255 255 255 255 255 255
180 180 180 180 180 240 255 255 255 255 255 255 255 255 255 255
  0   0   0   0   0 204 255 255 255 255 255 255 255 255 255 255
  0   0   0   0   0 204 255 255 255 255 255 255 255 255 255 255
  0   0   0   0   0 204 255 255 255 255 255 255 255 255 255 255
  0   0   0   0   0 204 255 255 255 255 255 255 255 255 255 255
  0   0   0   0   0 204 255 255 255 255 219 204 204 204 204 203
  0   0   0   0   0 204 255 255 255 255  75   0   0   0   0   0
  0   0   0   0   0 204 255 255 255 255  75   0   0   0   0   0
  0   0   0   0   0 204 255 255 255 255  75   0   0   0   0   0
  0   0   0   0   0 204 255 255 255 255  75   0   0   0   0   0
  0   0   0   0   0 204 255 255 255 255  75   0   0   0   0   0
128 127 127 127 127 127 127 127 127 127 215 255 255 255 255 255
255 255 255 255 255 255 255 255 255 255 255 255 255 255 255 255
255 255 255 255 255 255 255 255 255 255 255 255 255 255 255 255
255 255 255 255 255 255 255 255 255 255 255 255 255 255 255 255
255 255 255 255 255 255 255 255 255 255 255 255 255 255 255 255
180 180 180 180 180 240 255 255 255 255 255 255 255 255 255 255
  0   0   0   0   0 204 255 255 255 255 255 255 255 255 255 255
  0   0   0   0   0 204 255 255 255 255 255 255 255 255 255 255
  0   0   0   0   0 204 255 255 255 255 255 255 255 255 255 255
  0   0   0   0   0 204 255 255 255 255 255 255 255 255 255 255
  0   0   0   0   0 204 255 255 255 255 219 204 204 204 204 203
  0   0   0   0   0 204 255 255 255 255  75   0   0   0   0   0
  0   0   0   0   0 204 255 255 255 255  75   0   0   0   0   0
  0   0   0   0   0 204 255 255 255 255  75   0   0   0   0   0
  0   0   0   0   0 204 255 255 255 255  75   0   0   0   0   0
  0   0   0   0   0 204 255 255 255 255  75   0   0   0   0   0
128 127 127 127 127 127 127 127 127 127 215 255 255 255 255 255
255 255 255 255 255 255 255 255 255 255 255 255 255 255 255 255
255 255 255 255 255 255 255 255 255 255 255 255 255 255 255 255
255 255 255 255 255 255 255 255 255 255 255 255 255 255 255 255
255 255 255 255 255 255 255 255 255 255 255 255 255 255 255 255
180 180 180 180 180 240 255 255 255 255 255 255 255 255 255 255
  0   0   0   0   0 204 255 255 255 255 255 255 255 255 255 255
  0   0   0   0   0 204 255 255 255 255 255 255 255 255 255 255
  0   0   0   0   0 204 255 255 255 255 255 255 255 255 255 255
  0   0   0   0   0 204 255 255 255 255 255 255 255 255 255 255
  0   0   0   0   0 204 255 255 255 255 219 204 204 204 204 203
  0   0   0   0   0 204 255 255 255 255  75   0   0   0   0   0
  0   0   0   0   0 204 255 255 255 255  75   0   0   0   0   0
  0   0   0   0   0 204 255 255 255 255  75   0   0   0   0   0
  0   0   0   0   0 204 255 255 255 255  75   0   0   0   0   0
  0   0   0   0   0 204 255 255 255 255  75   0   0   0   0   0

153 184 184 184 184 184 184 184 184 184 210 141 141 141 141  60
255 255 255 255 255 255 255 255 255 255 204   0   0   0   0   0
255 255 255 255 255 255 255 255 255 255 204   0   0   0   0   0
255 255 255 255 255 255 255 255 255 255 204   0   0   0   0   0
255 255 255 255 255 255 255 255 255 255 204   0   0   0   0   0
214 255 255 255 255 255 255 255 255 255 219  75  75  75  75  75
114 255 255 255 255 255 255 255 255 255 255 255 255 255 255 255
114 255 255 255 255 255 255 255 255 255 255 255 255 255 255 255
114 255 255 255 255 255 255 255 255 255 255 255 255 255 255 255
114 255 255 255 255 255 255 255 255 255 255 255 255 255 255 255
114 255 255 255 255 240 204 204 204 204 204 204 204 204 204 204
114 255 255 255 255 180   0   0   0   0   0   0   0   0   0   0
114 255 255 255 255 180   0   0   0   0   0   0   0   0   0   0
114 255 255 255 255 180   0   0   0   0   0   0   0   0   0   0
114 255 255 255 255 180   0   0   0   0   0   0   0   0   0   0
114 255 255 255 255 180   0   0   0   0   0   0   0   0   0   0
153 184 184 184 184 184 184 184 184 184 210 141 141 141 141  60
255 255 255 255 255 255 255 255 255 255 204   0   0   0   0   0
255 255 255 255 255 255 255 255 255 255 204   0   0   0   0   0
255 255 255 255 255 255 255 255 255 255 204   0   0   0   0   0
255 255 255 255 255 255 255 255 255 255 204   0   0   0   0   0
214 255 255 255 255 255 255 255 255 255 219  75  75  75  75  75
114 255 255 255 255 255 255 255 255 255 255 255 255 255 255 255
114 255 255 255 255 255 255 255 255 255 255 255 255 255 255 255
114 255 255 255 255 255 255 255 255 255 255 255 255 255 255 255
114 255 255 255 255 255 255 255 255 255 255 255 255 255 255 255
114 255 255 255 255 240 204 204 204 204 204 204 204 204 204 204
114 255 255 255 255 180   0   0   0   0   0   0   0   0   0   0
114 255 255 255 255 180   0   0   0   0   0   0   0   0   0   0
114 255 255 255 255 180   0   0   0   0   0   0   0   0   0   0
114 255 255 255 255 180   0   0   0   0   0   0   0   0   0   0
114 255 255 255 255 180   0   0   0   0   0   0   0   0   0   0
153 184 184 184 184 184 184 184 184 184 210 141 141 141 141  60
255 255 255 255 255 255 255 255 255 255 204   0   0   0   0   0
255 255 255 255 255 255 255 255 255 255 204   0   0   0   0   0
255 255 255 255 255 255 255 255 255 255 204   0   0   0   0   0
255 255 255 255 255 255 255 255 255 255 204   0   0   0   0   0
214 255 255 255 255 255 255 255 255 255 219  75  75  75  75  75
114 255 255 255 255 255 255 255 255 255 255 255 255 255 255 255
114 255 255 255 255 255 255 255 255 255 255 255 255 255 255 255
114 255 255 255 255 255 255 255 255 255 255 255 255 255 255 255
114 255 255 255 255 255 255 255 255 255 255 255 255 255 255 255
114 255 255 255 255 240 204 204 204 204 204 204 204 204 204 204
114 255 255 255 255 180   0   0   0   0   0   0   0   0   0   0
114 255 255 255 255 180   0   0   0   0   0   0   0   0   0   0
114 255 255 255 255 180   0   0   0   0   0   0   0   0   0   0
114 255 255 255 255 180   0   0   0   0   0   0   0   0   0   0
114 255 255 255 255 180   0   0   0   0   0   0   0   0   0   0

  0   0   0   0   0  75 255 255 255 255 204   0   0   0   0   0
  0   0   0   0   0  75 255 255 255 255 204   0   0   0   0   0
  0   0   0   0   0  75 255 255 255 255 204   0   0   0   0   0
  0   0   0   0   0  75 255 255 255 255 204   0   0   0   0   0
  0   0   0   0   0  75 255 255 255 255 204   0   0   0   0   0
  0 204 204 204 204 219 255 255 255 255 204   0   0   0   0   0
  0 255 255 255 255 255 255 255 255 255 204   0   0   0   0   0
  0 255 255 255 255 255 255 255 255 255 204   0   0   0   0   0
  0 255 255 255 255 255 255 255 255 255 204   0   0   0   0   0
  0 255 255 255 255 255 255 255 255 255 204   0   0   0   0   0
  0 255 255 255 255 255 255 255 255 255 240 180 180 180 180 180
  0 255 255 255 255 255 255 255 255 255 255 255 255 255 255 255
  0 255 255 255 255 255 255 255 255 255 255 255 255 255 255 255
  0 255 255 255 255 255 255 255 255 255 255 255 255 255 255 255
  0 255 255 255 255 255 255 255 255 255 255 255 255 255 255 255
  0   0   0   0   0   0   0   0   0   0   0   0   0   0   0   0
  0   0   0   0   0  75 255 255 255 255 204   0   0   0   0   0
  0   0   0   0   0  75 255 255 255 255 204   0   0   0   0   0
  0   0   0   0   0  75 255 255 255 255 204   0   0   0   0   0
  0   0   0   0   0  75 255 255 255 255 204   0   0   0   0   0
  0   0   0   0   0  75 255 255 255 255 204   0   0   0   0   0
  0 204 204 204 204 219 255 255 255 255 204   0   0   0   0   0
  0 255 255 255 255 255 255 255 255 255 204   0   0   0   0   0
  0 255 255 255 255 255 255 255 255 255 204   0   0   0   0   0
  0 255 255 255 255 255 255 255 255 255 204   0   0   0   0   0
  0 255 255 255 255 255 255 255 255 255 204   0   0   0   0   0
  0 255 255 255 255 255 255 255 255 255 240 180 180 180 180 180
  0 255 255 255 255 255 255 255 255 255 255 255 255 255 255 255
  0 255 255 255 255 255 255 255 255 255 255 255 255 255 255 255
  0 255 255 255 255 255 255 255 255 255 255 255 255 255 255 255
  0 255 255 255 255 255 255 255 255 255 255 255 255 255 255 255
  0   0   0   0   0   0   0   0   0   0   0   0   0   0   0   0
  0   0   0   0   0  75 255 255 255 255 204   0   0   0   0   0
  0   0   0   0   0  75 255 255 255 255 204   0   0   0   0   0
  0   0   0   0   0  75 255 255 255 255 204   0   0   0   0   0
  0   0   0   0   0  75 255 255 255 255 204   0   0   0   0   0
  0   0   0   0   0  75 255 255 255 255 204   0   0   0   0   0
  0 204 204 204 204 219 255 255 255 255 204   0   0   0   0   0
  0 255 255 255 255 255 255 255 255 255 204   0   0   0   0   0
  0 255 255 255 255 255 255 255 255 255 204   0   0   0   0   0
  0 255 255 255 255 255 255 255 255 255 204   0   0   0   0   0
  0 255 255 255 255 255 255 255 255 255 204   0   0   0   0   0
  0 255 255 255 255 255 255 255 255 255 240 180 180 180 180 180
  0 255 255 255 255 255 255 255 255 255 255 255 255 255 255 255
  0 255 255 255 255 255 255 255 255 255 255 255 255 255 255 255
  0 255 255 255 255 255 255 255 255 255 255 255 255 255 255 255
  0 255 255 255 255 255 255 255 255 255 255 255 255 255 255 255
  0   0   0   0   0   0   0   0   0   0   0   0   0   0   0   0
