  0   0   0   0   0   0   0   0   0   0 175 255 255 255 255   0
  0   0   0   0   0   0   0   0   0   0 175 255 255 255 255   0
  0   0   0   0   0   0   0   0   0   0 175 255 255 255 255   0
  0   0   0   0   0   0   0   0   0   0 175 255 255 255 255   0
  0   0   0   0   0   0   0   0   0   0 175 255 255 255 255   0
201 201 201 201 201  42   0   0   0   0  36  53  53  53  53   0
255 255 255 255 255  53   0   0   0   0   0   0   0   0   0   0
255 255 255 255 255  53   0   0   0   0   0   0   0   0   0   0
255 255 255 255 255  53   0   0   0   0   0   0   0   0   0   0
255 255 255 255 255  53   0   0   0   0   0   0   0   0   0   0
 79  79  79  79  79  16   0   0   0   0 120 175 175 175 175   0
  0   0   0   0   0   0   0   0   0   0 175 255 255 255 255   0
  0   0   0   0   0   0   0   0   0   0 175 255 255 255 255   0
  0   0   0   0   0   0   0   0   0   0 175 255 255 255 255   0
  0   0   0   0   0   0   0   0   0   0 175 255 255 255 255   0
  0   0   0   0   0   0   0   0   0   0   0   0   0   0   0   0
  0   0   0   0   0   0   0   0   0   0 175 255 255 255 255   0
  0   0   0   0   0   0   0   0   0   0 175 255 255 255 255   0
  0   0   0   0   0   0   0   0   0   0 175 255 255 255 255   0
  0   0   0   0   0   0   0   0   0   0 175 255 255 255 255   0
  0   0   0   0   0   0   0   0   0   0 175 255 255 255 255   0
201 201 201 201 201  42   0   0   0   0  36  53  53  53  53   0
255 255 255 255 255  53   0   0   0   0   0   0   0   0   0   0
255 255 255 255 255  53   0   0   0   0   0   0   0   0   0   0
255 255 255 255 255  53   0   0   0   0   0   0   0   0   0   0
255 255 255 255 255  53   0   0   0   0   0   0   0   0   0   0
 79  79  79  79  79  16   0   0   0   0 120 175 175 175 175   0
  0   0   0   0   0   0   0   0   0   0 175 255 255 255 255   0
  0   0   0   0   0   0   0   0   0   0 175 255 255 255 255   0
  0   0   0   0   0   0   0   0   0   0 175 255 255 255 255   0
  0   0   0   0   0   0   0   0   0   0 175 255 255 255 255   0
  0   0   0   0   0   0   0   0   0   0   0   0   0   0   0   0
  0   0   0   0   0   0   0   0   0   0 175 255 255 255 255   0
  0   0   0   0   0   0   0   0   0   0 175 255 255 255 255   0
  0   0   0   0   0   0   0   0   0   0 175 255 255 255 255   0
  0   0   0   0   0   0   0   0   0   0 175 255 255 255 255   0
  0   0   0   0   0   0   0   0   0   0 175 255 255 255 255   0
201 201 201 201 201  42   0   0   0   0  36  53  53  53  53   0
255 255 255 255 255  53   0   0   0   0   0   0   0   0   0   0
255 255 255 255 255  53   0   0   0   0   0   0   0   0   0   0
255 255 255 255 255  53   0   0   0   0   0   0   0   0   0   0
255 255 255 255 255  53   0   0   0   0   0   0   0   0   0   0
 79  79  79  79  79  16   0   0   0   0 120 175 175 175 175   0
  0   0   0   0   0   0   0   0   0   0 175 255 255 255 255   0
  0   0   0   0   0   0   0   0   0   0 175 255 255 255 255   0
  0   0   0   0   0   0   0   0   0   0 175 255 255 255 255   0
  0   0   0   0   0   0   0   0   0   0 175 255 255 255 255   0
  0   0   0   0   0   0   0   0   0   0   0   0   0   0   0   0

128 127 127 127 127  25   0   0   0   0 177 255 255 255 255 255
255 255 255 255 255  50   0   0   0   0 180 255 255 255 255 255
255 255 255 255 255  50   0   0   0   0 180 255 255 255 255 255
255 255 255 255 255  50   0   0   0   0 180 255 255 255 255 255
255 255 255 255 255  50   0   0   0   0 180 255 255 255 255 255
180 180 180 180 180  36   0   0   0   0 127 180 180 180 180 179
  0   0   0   0   0   0   0   0   0   0   0   0   0   0   0   0
  0   0   0   0   0   0   0   0   0   0   0   0   0   0   0   0
  0   0   0   0   0   0   0   0   0   0   0   0   0   0   0   0
  0   0   0   0   0   0   0   0   0   0   0   0   0   0   0   0
  0   0   0   0   0  40  50  50  50  50  15   0   0   0   0   0
  0   0   0   0   0 204 255 255 255 255  75   0   0   0   0   0
  0   0   0   0   0 204 255 255 255 255  75   0   0   0   0   0
  0   0   0   0   0 204 255 255 255 255  75   0   0   0   0   0
  0   0   0   0   0 204 255 255 255 255  75   0   0   0   0   0
  0   0   0   0   0 204 255 255 255 255  75   0   0   0   0   0
128 127 127 127 127  25   0   0   0   0 177 255 255 255 255 255
255 255 255 255 255  50   0   0   0   0 180 255 255 255 255 255
255 255 255 255 255  50   0   0   0   0 180 255 255 255 255 255
255 255 255 255 255  50   0   0   0   0 180 255 255 255 255 255
255 255 255 255 255  50   0   0   0   0 180 255 255 255 255 255
180 180 180 180 180  36   0   0   0   0 127 180 180 180 180 179
  0   0   0   0   0   0   0   0   0   0   0   0   0   0   0   0
  0   0   0   0   0   0   0   0   0   0   0   0   0   0   0   0
  0   0   0   0   0   0   0   0   0   0   0   0   0   0   0   0
  0   0   0   0   0   0   0   0   0   0   0   0   0   0   0   0
  0   0   0   0   0  40  50  50  50  50  15   0   0   0   0   0
  0   0   0   0   0 204 255 255 255 255  75   0   0   0   0   0
  0   0   0   0   0 204 255 255 255 255  75   0   0   0   0   0
  0   0   0   0   0 204 255 255 255 255  75   0   0   0   0   0
  0   0   0   0   0 204 255 255 255 255  75   0   0   0   0   0
  0   0   0   0   0 204 255 255 255 255  75   0   0   0   0   0
128 127 127 127 127  25   0   0   0   0 177 255 255 255 255 255
255 255 255 255 255  50   0   0   0   0 180 255 255 255 255 255
255 255 255 255 255  50   0   0   0   0 180 255 255 255 255 255
255 255 255 255 255  50   0   0   0   0 180 255 255 255 255 255
255 255 255 255 255  50   0   0   0   0 180 255 255 255 255 255
180 180 180 180 180  36   0   0   0   0 127 180 180 180 180 179
  0   0   0   0   0   0   0   0   0   0   0   0   0   0   0   0
  0   0   0   0   0   0   0   0   0   0   0   0   0   0   0   0
  0   0   0   0   0   0   0   0   0   0   0   0   0   0   0   0
  0   0   0   0   0   0   0   0   0   0   0   0   0   0   0   0
  0   0   0   0   0  40  50  50  50  50  15   0   0   0   0   0
  0   0   0   0   0 204 255 255 255 255  75   0   0   0   0   0
  0   0   0   0   0 204 255 255 255 255  75   0   0   0   0   0
  0   0   0   0   0 204 255 255 255 255  75   0   0   0   0   0
  0   0   0   0   0 204 255 255 255 255  75   0   0   0   0   0
  0   0   0   0   0 204 255 255 255 255  75   0   0   0   0   0

153 184 184 184 184  94   0   0   0   0  98 141 141 141 141  60
255 255 255 255 255 180   0   0   0   0   0   0   0   0   0   0
255 255 255 255 255 180   0   0   0   0   0   0   0   0   0   0
255 255 255 255 255 180   0   0   0   0   0   0   0   0   0   0
255 255 255 255 255 180   0   0   0   0   0   0   0   0   0   0
180 180 180 180 180 127   0   0   0   0  15  75  75  75  75  75
  0   0   0   0   0   0   0   0   0   0  50 255 255 255 255 255
  0   0   0   0   0   0   0   0   0   0  50 255 255 255 255 255
  0   0   0   0   0   0   0   0   0   0  50 255 255 255 255 255
  0   0   0   0   0   0   0   0   0   0  50 255 255 255 255 255
 23  50  50  50  50  36   0   0   0   0  40 204 204 204 204 204
114 255 255 255 255 180   0   0   0   0   0   0   0   0   0   0
114 255 255 255 255 180   0   0   0   0   0   0   0   0   0   0
114 255 255 255 255 180   0   0   0   0   0   0   0   0   0   0
114 255 255 255 255 180   0   0   0   0   0   0   0   0   0   0
114 255 255 255 255 180   0   0   0   0   0   0   0   0   0   0
153 184 184 184 184  94   0   0   0   0  98 141 141 141 141  60
255 255 255 255 255 180   0   0   0   0   0   0   0   0   0   0
255 255 255 255 255 180   0   0   0   0   0   0   0   0   0   0
255 255 255 255 255 180   0   0   0   0   0   0   0   0   0   0
255 255 255 255 255 180   0   0   0   0   0   0   0   0   0   0
180 180 180 180 180 127   0   0   0   0  15  75  75  75  75  75
  0   0   0   0   0   0   0   0   0   0  50 255 255 255 255 255
  0   0   0   0   0   0   0   0   0   0  50 255 255 255 255 255
  0   0   0   0   0   0   0   0   0   0  50 255 255 255 255 255
  0   0   0   0   0   0   0   0   0   0  50 255 255 255 255 255
 23  50  50  50  50  36   0   0   0   0  40 204 204 204 204 204
114 255 255 255 255 180   0   0   0   0   0   0   0   0   0   0
114 255 255 255 255 180   0   0   0   0   0   0   0   0   0   0
114 255 255 255 255 180   0   0   0   0   0   0   0   0   0   0
114 255 255 255 255 180   0   0   0   0   0   0   0   0   0   0
114 255 255 255 255 180   0   0   0   0   0   0   0   0   0   0
153 184 184 184 184  94   0   0   0   0  98 141 141 141 141  60
255 255 255 255 255 180   0   0   0   0   0   0   0   0   0   0
255 255 255 255 255 180   0   0   0   0   0   0   0   0   0   0
255 255 255 255 255 180   0   0   0   0   0   0   0   0   0   0
255 255 255 255 255 180   0   0   0   0   0   0   0   0   0   0
180 180 180 180 180 127   0   0   0   0  15  75  75  75  75  75
  0   0   0   0   0   0   0   0   0   0  50 255 255 255 255 255
  0   0   0   0   0   0   0   0   0   0  50 255 255 255 255 255
  0   0   0   0   0   0   0   0   0   0  50 255 255 255 255 255
  0   0   0   0   0   0   0   0   0   0  50 255 255 255 255 255
 23  50  50  50  50  36   0   0   0   0  40 204 204 204 204 204
114 255 255 255 255 180   0   0   0   0   0   0   0   0   0   0
114 255 255 255 255 180   0   0   0   0   0   0   0   0   0   0
114 255 255 255 255 180   0   0   0   0   0   0   0   0   0   0
114 255 255 255 255 180   0   0   0   0   0   0   0   0   0   0
114 255 255 255 255 180   0   0   0   0   0   0   0   0   0   0

  0   0   0   0   0  75 255 255 255 255 204   0   0   0   0   0
  0   0   0   0   0  75 255 255 255 255 204   0   0   0   0   0
  0   0   0   0   0  75 255 255 255 255 204   0   0   0   0   0
  0   0   0   0   0  75 255 255 255 255 204   0   0   0   0   0
  0   0   0   0   0  75 255 255 255 255 204   0   0   0   0   0
  0   0   0   0   0  15  50  50  50  50  40   0   0   0   0   0
  0   0   0   0   0   0   0   0   0   0   0   0   0   0   0   0
  0   0   0   0   0   0   0   0   0   0   0   0   0   0   0   0
  0   0   0   0   0   0   0   0   0   0   0   0   0   0   0   0
  0   0   0   0   0   0   0   0   0   0   0   0   0   0   0   0
  0 180 180 180 180 127   0   0   0   0  36 180 180 180 180 180
  0 255 255 255 255 180   0   0   0   0  50 255 255 255 255 255
  0 255 255 255 255 180   0   0   0   0  50 255 255 255 255 255
  0 255 255 255 255 180   0   0   0   0  50 255 255 255 255 255
  0 255 255 255 255 180   0   0   0   0  50 255 255 255 255 255
  0   0   0   0   0   0   0   0   0   0   0   0   0   0   0   0
  0   0   0   0   0  75 255 255 255 255 204   0   0   0   0   0
  0   0   0   0   0  75 255 255 255 255 204   0   0   0   0   0
  0   0   0   0   0  75 255 255 255 255 204   0   0   0   0   0
  0   0   0   0   0  75 255 255 255 255 204   0   0   0   0   0
  0   0   0   0   0  75 255 255 255 255 204   0   0   0   0   0
  0   0   0   0   0  15  50  50  50  50  40   0   0   0   0   0
  0   0   0   0   0   0   0   0   0   0   0   0   0   0   0   0
  0   0   0   0   0   0   0   0   0   0   0   0   0   0   0   0
  0   0   0   0   0   0   0   0   0   0   0   0   0   0   0   0
  0   0   0   0   0   0   0   0   0   0   0   0   0   0   0   0
  0 180 180 180 180 127   0   0   0   0  36 180 180 180 180 180
  0 255 255 255 255 180   0   0   0   0  50 255 255 255 255 255
  0 255 255 255 255 180   0   0   0   0  50 255 255 255 255 255
  0 255 255 255 255 180   0   0   0   0  50 255 255 255 255 255
  0 255 255 255 255 180   0   0   0   0  50 255 255 255 255 255
  0   0   0   0   0   0   0   0   0   0   0   0   0   0   0   0
  0   0   0   0   0  75 255 255 255 255 204   0   0   0   0   0
  0   0   0   0   0  75 255 255 255 255 204   0   0   0   0   0
  0   0   0   0   0  75 255 255 255 255 204   0   0   0   0   0
  0   0   0   0   0  75 255 255 255 255 204   0   0   0   0   0
  0   0   0   0   0  75 255 255 255 255 204   0   0   0   0   0
  0   0   0   0   0  15  50  50  50  50  40   0   0   0   0   0
  0   0   0   0   0   0   0   0   0   0   0   0   0   0   0   0
  0   0   0   0   0   0   0   0   0   0   0   0   0   0   0   0
  0   0   0   0   0   0   0   0   0   0   0   0   0   0   0   0
  0   0   0   0   0   0   0   0   0   0   0   0   0   0   0   0
  0 180 180 180 180 127   0   0   0   0  36 180 180 180 180 180
  0 255 255 255 255 180   0   0   0   0  50 255 255 255 255 255
  0 255 255 255 255 180   0   0   0   0  50 255 255 255 255 255
  0 255 255 255 255 180   0   0   0   0  50 255 255 255 255 255
  0 255 255 255 255 180   0   0   0   0  50 255 255 255 255 255
  0   0   0   0   0   0   0   0   0   0   0   0   0   0   0   0
