255 255 255 255 255 255 255 255 255 255 255 255 255 255 255 255
255 255 255 255 255 255 255 255 255 255 255 255 255 255 255 255
255 255 255 255 255 255 255 255 255 255 255 255 255 255 255 255
255 255 255 255 255 255 255 255 255 255 255 255 255 255 255 255
255 255 255 255 255 255 255 255 255 255 255 255 255 255 255 255
255 255 255 255 255 255 255 255 255 255 255 255 255 255 255 255
255 255 255 255 255 255 255 255 255 255 255 255 255 255 255 255
255 255 255 255 255 255 255 255 255 255 255 255 255 255 255 255
255 255 255 255 255 252 237 219 219 235 252 255 255 255 255 255
255 255 255 255 255 245 170  80  80 159 242 255 255 255 255 255
255 255 255 255 255 241 131   0   0 116 237 255 255 255 255 255
255 255 255 255 255 241 131   0   0 116 237 255 255 255 255 255
255 255 255 255 255 241 131   0   0 116 237 255 255 255 255 255
255 255 255 255 255 241 131   0   0 116 237 255 255 255 255 255
255 255 255 255 255 241 131   0   0 116 237 255 255 255 255 255
255 255 255 255 255 245 174  89  89 164 243 255 255 255 255 255
255 255 255 255 255 255 255 255 255 255 255 255 255 255 255 255
255 255 255 255 255 255 255 255 255 255 255 255 255 255 255 255
255 255 255 255 255 255 255 255 255 255 255 255 255 255 255 255
255 255 255 255 255 255 255 255 255 255 255 255 255 255 255 255
255 255 255 255 255 255 255 255 255 255 255 255 255 255 255 255
255 255 255 255 255 255 255 255 255 255 255 255 255 255 255 255
255 255 255 255 255 255 255 255 255 255 255 255 255 255 255 255
255 255 255 255 255 255 255 255 255 255 255 255 255 255 255 255
255 255 255 255 255 252 237 219 219 235 252 255 255 255 255 255
255 255 255 255 255 245 170  80  80 159 242 255 255 255 255 255
255 255 255 255 255 241 131   0   0 116 237 255 255 255 255 255
255 255 255 255 255 241 131   0   0 116 237 255 255 255 255 255
255 255 255 255 255 241 131   0   0 116 237 255 255 255 255 255
255 255 255 255 255 241 131   0   0 116 237 255 255 255 255 255
255 255 255 255 255 241 131   0   0 116 237 255 255 255 255 255
255 255 255 255 255 245 174  89  89 164 243 255 255 255 255 255
255 255 255 255 255 255 255 255 255 255 255 255 255 255 255 255
255 255 255 255 255 255 255 255 255 255 255 255 255 255 255 255
255 255 255 255 255 255 255 255 255 255 255 255 255 255 255 255
255 255 255 255 255 255 255 255 255 255 255 255 255 255 255 255
255 255 255 255 255 255 255 255 255 255 255 255 255 255 255 255
255 255 255 255 255 255 255 255 255 255 255 255 255 255 255 255
255 255 255 255 255 255 255 255 255 255 255 255 255 255 255 255
255 255 255 255 255 255 255 255 255 255 255 255 255 255 255 255
255 255 255 255 255 252 237 219 219 235 252 255 255 255 255 255
255 255 255 255 255 245 170  80  80 159 242 255 255 255 255 255
255 255 255 255 255 241 131   0   0 116 237 255 255 255 255 255
255 255 255 255 255 241 131   0   0 116 237 255 255 255 255 255
255 255 255 255 255 241 131   0   0 116 237 255 255 255 255 255
255 255 255 255 255 241 131   0   0 116 237 255 255 255 255 255
255 255 255 255 255 241 131   0   0 116 237 255 255 255 255 255
255 255 255 255 255 245 174  89  89 164 243 255 255 255 255 255

255 255 255 255 255 255 255 255 255 255 255 255 255 255 255 255
255 255 255 255 255 255 255 255 255 255 255 255 255 255 255 255
255 255 255 255 255 255 255 255 255 255 255 255 255 255 255 255
255 255 255 255 255 255 255 255 255 255 255 255 255 255 255 255
255 255 255 255 255 255 255 255 255 255 255 255 255 255 255 255
255 255 255 255 255 255 255 255 252 243 239 239 239 239 239 244
255 255 255 255 255 255 255 255 235 161 123 123 123 123 123 171
255 255 255 255 255 255 255 255 217  74   0   0   0   0   0  92
255 255 255 255 255 255 255 255 217  74   0   0   0   0   0  92
255 255 255 255 255 255 255 255 235 163 125 125 125 125 125 172
255 255 255 255 255 255 255 255 253 244 240 240 240 240 240 245
255 255 255 255 255 255 255 255 255 255 255 255 255 255 255 255
255 255 255 255 255 255 255 255 255 255 255 255 255 255 255 255
255 255 255 255 255 255 255 255 255 255 255 255 255 255 255 255
255 255 255 255 255 255 255 255 255 255 255 255 255 255 255 255
255 255 255 255 255 255 255 255 255 255 255 255 255 255 255 255
255 255 255 255 255 255 255 255 255 255 255 255 255 255 255 255
255 255 255 255 255 255 255 255 255 255 255 255 255 255 255 255
255 255 255 255 255 255 255 255 255 255 255 255 255 255 255 255
255 255 255 255 255 255 255 255 255 255 255 255 255 255 255 255
255 255 255 255 255 255 255 255 255 255 255 255 255 255 255 255
255 255 255 255 255 255 255 255 252 243 239 239 239 239 239 244
255 255 255 255 255 255 255 255 235 161 123 123 123 123 123 171
255 255 255 255 255 255 255 255 217  74   0   0   0   0   0  92
255 255 255 255 255 255 255 255 217  74   0   0   0   0   0  92
255 255 255 255 255 255 255 255 235 163 125 125 125 125 125 172
255 255 255 255 255 255 255 255 253 244 240 240 240 240 240 245
255 255 255 255 255 255 255 255 255 255 255 255 255 255 255 255
255 255 255 255 255 255 255 255 255 255 255 255 255 255 255 255
255 255 255 255 255 255 255 255 255 255 255 255 255 255 255 255
255 255 255 255 255 255 255 255 255 255 255 255 255 255 255 255
255 255 255 255 255 255 255 255 255 255 255 255 255 255 255 255
255 255 255 255 255 255 255 255 255 255 255 255 255 255 255 255
255 255 255 255 255 255 255 255 255 255 255 255 255 255 255 255
255 255 255 255 255 255 255 255 255 255 255 255 255 255 255 255
255 255 255 255 255 255 255 255 255 255 255 255 255 255 255 255
255 255 255 255 255 255 255 255 255 255 255 255 255 255 255 255
255 255 255 255 255 255 255 255 252 243 239 239 239 239 239 244
255 255 255 255 255 255 255 255 235 161 123 123 123 123 123 171
255 255 255 255 255 255 255 255 217  74   0   0   0   0   0  92
255 255 255 255 255 255 255 255 217  74   0   0   0   0   0  92
255 255 255 255 255 255 255 255 235 163 125 125 125 125 125 172
255 255 255 255 255 255 255 255 253 244 240 240 240 240 240 245
255 255 255 255 255 255 255 255 255 255 255 255 255 255 255 255
255 255 255 255 255 255 255 255 255 255 255 255 255 255 255 255
255 255 255 255 255 255 255 255 255 255 255 255 255 255 255 255
255 255 255 255 255 255 255 255 255 255 255 255 255 255 255 255
255 255 255 255 255 255 255 255 255 255 255 255 255 255 255 255

255 255 255 255 255 244 171  92  92 172 245 255 255 255 255 255
255 255 255 255 255 239 123   0   0 125 240 255 255 255 255 255
255 255 255 255 255 239 123   0   0 125 240 255 255 255 255 255
255 255 255 255 255 239 123   0   0 125 240 255 255 255 255 255
255 255 255 255 255 239 123   0   0 125 240 255 255 255 255 255
255 255 255 255 255 239 123   0   0 125 240 255 255 255 255 255
255 255 255 255 255 243 161  74  74 163 244 255 255 255 255 255
255 255 255 255 255 252 235 217 217 235 253 255 255 255 255 255
255 255 255 255 255 255 255 255 255 255 255 255 255 255 255 255
255 255 255 255 255 255 255 255 255 255 255 255 255 255 255 255
255 255 255 255 255 255 255 255 255 255 255 255 255 255 255 255
255 255 255 255 255 255 255 255 255 255 255 255 255 255 255 255
255 255 255 255 255 255 255 255 255 255 255 255 255 255 255 255
255 255 255 255 255 255 255 255 255 255 255 255 255 255 255 255
255 255 255 255 255 255 255 255 255 255 255 255 255 255 255 255
255 255 255 255 255 255 255 255 255 255 255 255 255 255 255 255
255 255 255 255 255 244 171  92  92 172 245 255 255 255 255 255
255 255 255 255 255 239 123   0   0 125 240 255 255 255 255 255
255 255 255 255 255 239 123   0   0 125 240 255 255 255 255 255
255 255 255 255 255 239 123   0   0 125 240 255 255 255 255 255
255 255 255 255 255 239 123   0   0 125 240 255 255 255 255 255
255 255 255 255 255 239 123   0   0 125 240 255 255 255 255 255
255 255 255 255 255 243 161  74  74 163 244 255 255 255 255 255
255 255 255 255 255 252 235 217 217 235 253 255 255 255 255 255
255 255 255 255 255 255 255 255 255 255 255 255 255 255 255 255
255 255 255 255 255 255 255 255 255 255 255 255 255 255 255 255
255 255 255 255 255 255 255 255 255 255 255 255 255 255 255 255
255 255 255 255 255 255 255 255 255 255 255 255 255 255 255 255
255 255 255 255 255 255 255 255 255 255 255 255 255 255 255 255
255 255 255 255 255 255 255 255 255 255 255 255 255 255 255 255
255 255 255 255 255 255 255 255 255 255 255 255 255 255 255 255
255 255 255 255 255 255 255 255 255 255 255 255 255 255 255 255
255 255 255 255 255 244 171  92  92 172 245 255 255 255 255 255
255 255 255 255 255 239 123   0   0 125 240 255 255 255 255 255
255 255 255 255 255 239 123   0   0 125 240 255 255 255 255 255
255 255 255 255 255 239 123   0   0 125 240 255 255 255 255 255
255 255 255 255 255 239 123   0   0 125 240 255 255 255 255 255
255 255 255 255 255 239 123   0   0 125 240 255 255 255 255 255
255 255 255 255 255 243 161  74  74 163 244 255 255 255 255 255
255 255 255 255 255 252 235 217 217 235 253 255 255 255 255 255
255 255 255 255 255 255 255 255 255 255 255 255 255 255 255 255
255 255 255 255 255 255 255 255 255 255 255 255 255 255 255 255
255 255 255 255 255 255 255 255 255 255 255 255 255 255 255 255
255 255 255 255 255 255 255 255 255 255 255 255 255 255 255 255
255 255 255 255 255 255 255 255 255 255 255 255 255 255 255 255
255 255 255 255 255 255 255 255 255 255 255 255 255 255 255 255
255 255 255 255 255 255 255 255 255 255 255 255 255 255 255 255
255 255 255 255 255 255 255 255 255 255 255 255 255 255 255 255

255 255 255 255 255 255 255 255 255 255 255 255 255 255 255 255
255 255 255 255 255 255 255 255 255 255 255 255 255 255 255 255
255 255 255 255 255 255 255 255 255 255 255 255 255 255 255 255
255 255 255 255 255 255 255 255 255 255 255 255 255 255 255 255
255 255 255 255 255 255 255 255 255 255 255 255 255 255 255 255
245 240 240 240 240 240 244 253 255 255 255 255 255 255 255 255
172 125 125 125 125 125 163 235 255 255 255 255 255 255 255 255
 92   0   0   0   0   0  74 217 255 255 255 255 255 255 255 255
 92   0   0   0   0   0  74 217 255 255 255 255 255 255 255 255
171 123 123 123 123 123 161 235 255 255 255 255 255 255 255 255
244 239 239 239 239 239 243 252 255 255 255 255 255 255 255 255
255 255 255 255 255 255 255 255 255 255 255 255 255 255 255 255
255 255 255 255 255 255 255 255 255 255 255 255 255 255 255 255
255 255 255 255 255 255 255 255 255 255 255 255 255 255 255 255
255 255 255 255 255 255 255 255 255 255 255 255 255 255 255 255
255 255 255 255 255 255 255 255 255 255 255 255 255 255 255 255
255 255 255 255 255 255 255 255 255 255 255 255 255 255 255 255
255 255 255 255 255 255 255 255 255 255 255 255 255 255 255 255
255 255 255 255 255 255 255 255 255 255 255 255 255 255 255 255
255 255 255 255 255 255 255 255 255 255 255 255 255 255 255 255
255 255 255 255 255 255 255 255 255 255 255 255 255 255 255 255
245 240 240 240 240 240 244 253 255 255 255 255 255 255 255 255
172 125 125 125 125 125 163 235 255 255 255 255 255 255 255 255
 92   0   0   0   0   0  74 217 255 255 255 255 255 255 255 255
 92   0   0   0   0   0  74 217 255 255 255 255 255 255 255 255
171 123 123 123 123 123 161 235 255 255 255 255 255 255 255 255
244 239 239 239 239 239 243 252 255 255 255 255 255 255 255 255
255 255 255 255 255 255 255 255 255 255 255 255 255 255 255 255
255 255 255 255 255 255 255 255 255 255 255 255 255 255 255 255
255 255 255 255 255 255 255 255 255 255 255 255 255 255 255 255
255 255 255 255 255 255 255 255 255 255 255 255 255 255 255 255
255 255 255 255 255 255 255 255 255 255 255 255 255 255 255 255
255 255 255 255 255 255 255 255 255 255 255 255 255 255 255 255
255 255 255 255 255 255 255 255 255 255 255 255 255 255 255 255
255 255 255 255 255 255 255 255 255 255 255 255 255 255 255 255
255 255 255 255 255 255 255 255 255 255 255 255 255 255 255 255
255 255 255 255 255 255 255 255 255 255 255 255 255 255 255 255
245 240 240 240 240 240 244 253 255 255 255 255 255 255 255 255
172 125 125 125 125 125 163 235 255 255 255 255 255 255 255 255
 92   0   0   0   0   0  74 217 255 255 255 255 255 255 255 255
 92   0   0   0   0   0  74 217 255 255 255 255 255 255 255 255
171 123 123 123 123 123 161 235 255 255 255 255 255 255 255 255
244 239 239 239 239 239 243 252 255 255 255 255 255 255 255 255
255 255 255 255 255 255 255 255 255 255 255 255 255 255 255 255
255 255 255 255 255 255 255 255 255 255 255 255 255 255 255 255
255 255 255 255 255 255 255 255 255 255 255 255 255 255 255 255
255 255 255 255 255 255 255 255 255 255 255 255 255 255 255 255
255 255 255 255 255 255 255 255 255 255 255 255 255 255 255 255
